1.989565823410000140e-06 1.426894790780000029e-06 9.913458163660000871e-07 7.111857445869999975e-07 5.465852193339999613e-07 4.707912986260000099e-07 3.429011978080000091e-07 2.267816524530000034e-07 1.819880410700000117e-07 9.713288781920000116e-08 5.861142740560000129e-08 -1.852692964360000034e-09 -2.138531146150000099e-08 -2.465789670130000036e-08 -1.799341042909999840e-08 -2.038980715279999960e-08 -5.454706996179999644e-09 -2.833421989879999892e-08 -2.700335624190000151e-08 -2.380008416699999846e-08
1.426894790780000029e-06 1.618789293060000090e-06 1.119085049680000046e-06 8.126127412789999594e-07 6.089800721150000097e-07 4.998236944410000190e-07 3.581695333960000099e-07 2.580106353259999985e-07 1.965378714679999884e-07 1.170961293969999979e-07 9.851099340669999986e-08 3.881273574780000315e-08 3.202732599730000063e-08 1.947742815990000161e-08 3.322353842289999846e-09 -1.031012920660000049e-08 -1.069132986740000029e-08 -1.519408273369999840e-08 -1.746850536529999858e-08 -1.518245682749999989e-08
9.913458163660000871e-07 1.119085049680000046e-06 1.169591310000000020e-06 8.160144058619999704e-07 5.949972422769999654e-07 4.750825398499999863e-07 3.470750091070000165e-07 2.484545993570000201e-07 1.923508765259999956e-07 1.353800213940000045e-07 1.014790089740000039e-07 6.430711635729999588e-08 4.785766006819999755e-08 4.705080619979999767e-08 3.285581370470000222e-08 1.236477068729999983e-08 6.738166056619999740e-09 -2.144379377290000101e-09 -3.569558710210000136e-09 -1.072486141569999944e-08
7.111857445869999975e-07 8.126127412789999594e-07 8.160144058619999704e-07 8.952868121050000517e-07 6.724469796760000175e-07 5.157826557200000011e-07 3.638506148509999958e-07 2.401757591549999805e-07 1.841025578769999922e-07 1.206266231039999967e-07 9.731165931240000355e-08 5.629854574860000015e-08 3.535518497700000221e-08 3.262321247210000223e-08 2.018556609760000019e-08 1.344666041089999932e-08 1.723850786270000049e-09 -1.504852161759999980e-09 -6.221099702349999710e-09 -3.973497471939999594e-09
5.465852193339999613e-07 6.089800721150000097e-07 5.949972422769999654e-07 6.724469796760000175e-07 7.794125121799999764e-07 5.726517174769999511e-07 4.262716829079999749e-07 2.849089116789999757e-07 2.202991179179999951e-07 1.527365569219999991e-07 1.207604195200000001e-07 7.637052767279999800e-08 4.036053378279999695e-08 3.335013080830000259e-08 1.780546834630000047e-08 3.373240018989999974e-09 -3.895612247910000224e-09 -4.782311041250000064e-09 -1.506405866950000019e-08 -9.418037480709999954e-09
4.707912986260000099e-07 4.998236944410000190e-07 4.750825398499999863e-07 5.157826557200000011e-07 5.726517174769999511e-07 6.684798484859999689e-07 4.822984015519999838e-07 3.389904669449999736e-07 2.664559586050000261e-07 1.820751867119999943e-07 1.503468494900000080e-07 9.722622166590000144e-08 5.620453880659999925e-08 4.305537429349999748e-08 2.800383563290000147e-08 1.393187791150000030e-08 2.007291164119999896e-09 4.423076055460000407e-09 -1.412769508249999906e-09 -2.701789626779999949e-09
3.429011978080000091e-07 3.581695333960000099e-07 3.470750091070000165e-07 3.638506148509999958e-07 4.262716829079999749e-07 4.822984015519999838e-07 5.544422467529999832e-07 3.903994305850000216e-07 2.972827544420000132e-07 2.235888486669999944e-07 1.781342964909999994e-07 1.195109409810000071e-07 8.478304013609999508e-08 5.983908648110000177e-08 3.910084695160000277e-08 3.032741382460000109e-08 2.162969913939999975e-08 1.860740276619999907e-08 8.656105219250000312e-09 4.820876535229999612e-09
2.267816524530000034e-07 2.580106353259999985e-07 2.484545993570000201e-07 2.401757591549999805e-07 2.849089116789999757e-07 3.389904669449999736e-07 3.903994305850000216e-07 4.469650225760000127e-07 3.328977263980000093e-07 2.663822356309999881e-07 2.121700128969999937e-07 1.561652336179999969e-07 1.111404208150000036e-07 8.545775135769999533e-08 6.505218675699999434e-08 4.283814046040000167e-08 3.056941555149999931e-08 2.599242955289999847e-08 1.678004322160000115e-08 5.814132443010000413e-09
1.819880410700000117e-07 1.965378714679999884e-07 1.923508765259999956e-07 1.841025578769999922e-07 2.202991179179999951e-07 2.664559586050000261e-07 2.972827544420000132e-07 3.328977263980000093e-07 3.977471143539999880e-07 3.035239885670000116e-07 2.396916906240000008e-07 1.759120570139999877e-07 1.276875485089999914e-07 9.768929696149999757e-08 7.899870513650000146e-08 5.435697778899999786e-08 4.230401882429999770e-08 3.356436328370000268e-08 2.804416413570000075e-08 1.891106736189999949e-08
9.713288781920000116e-08 1.170961293969999979e-07 1.353800213940000045e-07 1.206266231039999967e-07 1.527365569219999991e-07 1.820751867119999943e-07 2.235888486669999944e-07 2.663822356309999881e-07 3.035239885670000116e-07 3.637741484010000016e-07 2.837102004080000228e-07 2.151483162430000115e-07 1.615646157770000092e-07 1.207726615570000054e-07 9.452535031989999871e-08 6.790988295090000447e-08 4.658029329160000079e-08 3.441377732139999935e-08 2.455673959229999985e-08 2.236138185750000127e-08
5.861142740560000129e-08 9.851099340669999986e-08 1.014790089740000039e-07 9.731165931240000355e-08 1.207604195200000001e-07 1.503468494900000080e-07 1.781342964909999994e-07 2.121700128969999937e-07 2.396916906240000008e-07 2.837102004080000228e-07 3.340461802759999850e-07 2.618572577619999906e-07 1.979498496699999947e-07 1.452533642950000099e-07 1.101673804220000052e-07 7.847210582500000553e-08 5.886727656179999775e-08 4.251496527280000294e-08 3.216708668070000254e-08 2.708058577199999888e-08
-1.852692964360000034e-09 3.881273574780000315e-08 6.430711635729999588e-08 5.629854574860000015e-08 7.637052767279999800e-08 9.722622166590000144e-08 1.195109409810000071e-07 1.561652336179999969e-07 1.759120570139999877e-07 2.151483162430000115e-07 2.618572577619999906e-07 3.063136630400000135e-07 2.365574481380000131e-07 1.781922076859999881e-07 1.327995782479999998e-07 9.655141494569999875e-08 7.616548474359999666e-08 6.206496832750000498e-08 4.482986692229999920e-08 3.818534346259999751e-08
-2.138531146150000099e-08 3.202732599730000063e-08 4.785766006819999755e-08 3.535518497700000221e-08 4.036053378279999695e-08 5.620453880659999925e-08 8.478304013609999508e-08 1.111404208150000036e-07 1.276875485089999914e-07 1.615646157770000092e-07 1.979498496699999947e-07 2.365574481380000131e-07 2.869434768509999832e-07 2.122914473920000040e-07 1.605023689669999987e-07 1.213180566850000107e-07 9.481795979729999597e-08 7.645131123659999660e-08 5.268835351290000099e-08 4.401475504869999921e-08
-2.465789670130000036e-08 1.947742815990000161e-08 4.705080619979999767e-08 3.262321247210000223e-08 3.335013080830000259e-08 4.305537429349999748e-08 5.983908648110000177e-08 8.545775135769999533e-08 9.768929696149999757e-08 1.207726615570000054e-07 1.452533642950000099e-07 1.781922076859999881e-07 2.122914473920000040e-07 2.411959195700000043e-07 1.805927845250000123e-07 1.418332220039999889e-07 1.090149402970000008e-07 8.598119365050000136e-08 6.308037580219999973e-08 5.314219521400000178e-08
-1.799341042909999840e-08 3.322353842289999846e-09 3.285581370470000222e-08 2.018556609760000019e-08 1.780546834630000047e-08 2.800383563290000147e-08 3.910084695160000277e-08 6.505218675699999434e-08 7.899870513650000146e-08 9.452535031989999871e-08 1.101673804220000052e-07 1.327995782479999998e-07 1.605023689669999987e-07 1.805927845250000123e-07 2.136188146580000110e-07 1.633375300090000086e-07 1.232765763199999914e-07 9.303326879039999623e-08 7.058632573850000375e-08 6.149467582650000310e-08
-2.038980715279999960e-08 -1.031012920660000049e-08 1.236477068729999983e-08 1.344666041089999932e-08 3.373240018989999974e-09 1.393187791150000030e-08 3.032741382460000109e-08 4.283814046040000167e-08 5.435697778899999786e-08 6.790988295090000447e-08 7.847210582500000553e-08 9.655141494569999875e-08 1.213180566850000107e-07 1.418332220039999889e-07 1.633375300090000086e-07 1.998312745969999906e-07 1.572170504780000087e-07 1.196242061680000044e-07 9.221264624159999460e-08 7.875787141159999536e-08
-5.454706996179999644e-09 -1.069132986740000029e-08 6.738166056619999740e-09 1.723850786270000049e-09 -3.895612247910000224e-09 2.007291164119999896e-09 2.162969913939999975e-08 3.056941555149999931e-08 4.230401882429999770e-08 4.658029329160000079e-08 5.886727656179999775e-08 7.616548474359999666e-08 9.481795979729999597e-08 1.090149402970000008e-07 1.232765763199999914e-07 1.572170504780000087e-07 1.912935491940000032e-07 1.494360168140000063e-07 1.160647070869999947e-07 9.708615476620000025e-08
-2.833421989879999892e-08 -1.519408273369999840e-08 -2.144379377290000101e-09 -1.504852161759999980e-09 -4.782311041250000064e-09 4.423076055460000407e-09 1.860740276619999907e-08 2.599242955289999847e-08 3.356436328370000268e-08 3.441377732139999935e-08 4.251496527280000294e-08 6.206496832750000498e-08 7.645131123659999660e-08 8.598119365050000136e-08 9.303326879039999623e-08 1.196242061680000044e-07 1.494360168140000063e-07 1.795840898839999868e-07 1.397113409449999991e-07 1.113549420210000064e-07
-2.700335624190000151e-08 -1.746850536529999858e-08 -3.569558710210000136e-09 -6.221099702349999710e-09 -1.506405866950000019e-08 -1.412769508249999906e-09 8.656105219250000312e-09 1.678004322160000115e-08 2.804416413570000075e-08 2.455673959229999985e-08 3.216708668070000254e-08 4.482986692229999920e-08 5.268835351290000099e-08 6.308037580219999973e-08 7.058632573850000375e-08 9.221264624159999460e-08 1.160647070869999947e-07 1.397113409449999991e-07 1.696861113960000067e-07 1.347695251579999996e-07
-2.380008416699999846e-08 -1.518245682749999989e-08 -1.072486141569999944e-08 -3.973497471939999594e-09 -9.418037480709999954e-09 -2.701789626779999949e-09 4.820876535229999612e-09 5.814132443010000413e-09 1.891106736189999949e-08 2.236138185750000127e-08 2.708058577199999888e-08 3.818534346259999751e-08 4.401475504869999921e-08 5.314219521400000178e-08 6.149467582650000310e-08 7.875787141159999536e-08 9.708615476620000025e-08 1.113549420210000064e-07 1.347695251579999996e-07 1.595830621729999880e-07
